gll_iem_v05_rev1 : 51.093524
iso_source_v05_rev1 : -0.037596
PS6 - NP3 : 33.665078
