_2FGLJ0540.4-5415 : -0.009119
gll_iem_v05_rev1 : -0.000004
_2FGLJ0537.7-5716 : -0.010446
_2FGLJ0525.5-6011 : -0.000086
_2FGLJ0506.7-5435 : -0.000402
iso_source_v05_rev1 : -0.009255
_2FGLJ0543.9-5532 : 31.750111
