_2FGLJ0919.3-2203 : -0.000004
_2FGLJ0946.9-2541 : 0.000885
_2FGLJ0940.3-2827 : 0.000138
gll_iem_v05_rev1 : 8.035134
iso_source_v05_rev1 : 0.002111
_2FGLJ0908.7-2119 : 0.983582
_2FGLJ0912.9-2102 : 35.102242
_2FGLJ0937.9-1434 : 0.000031
_2FGLJ0858.1-1952 : -0.000006
_2FGLJ0927.9-2041 : 4.206833
_2FGLJ0939.1-1734 : -0.000016
_2FGLJ0859.4-2532 : -0.019343
_2FGLJ0847.0-2334 : -0.001805
