_2FGLJ0540.4-5415 : -0.000002
_2FGLJ0604.2-4817 : 0.003811
_2FGLJ0537.7-5716 : -0.000066
_2FGLJ0507.5-6102 : -0.000375
_2FGLJ0525.5-6011 : -0.175551
_2FGLJ0516.8-6207 : -0.001969
_2FGLJ0506.7-5435 : -0.318945
iso_source_v05_rev1 : 3.194759
_2FGLJ0543.9-5532 : 46.925897
_2FGLJ0532.0-4826 : 0.010008
_2FGLJ0526.1-4829 : 0.002857
_2FGLJ0433.9-5726 : 0.000257
gll_iem_v05_rev1 : -0.000000
_2FGLJ0611.8-6059 : -0.000438
_2FGLJ0628.9-6246 : -0.000240
