_2FGLJ1310.9+0036 : 8.722279
_2FGLJ1340.5-0412 : 0.111040
_2FGLJ1315.6-0730 : 12.577222
iso_source_v05_rev1 : 1582.075795
_2FGLJ1337.7-1257 : 1.413603
_2FGLJ1318.9-1228 : 12.272758
_2FGLJ1332.5-1255 : 5.579169
_2FGLJ1332.0-0508 : 370.173663
_2FGLJ1156.7-0751 : 0.348889
_2FGLJ1222.4+0413 : -2.491360
_2FGLJ1256.1-0547 : 10815.920412
_2FGLJ1329.3-0528 : 34.458302
_2FGLJ1204.3-0711 : 0.624489
_2FGLJ1221.4-0633 : 10.453362
_2FGLJ1241.6-1457 : 6.016146
_2FGLJ1312.7+0051 : 70.695679
_2FGLJ1238.1-1953 : 0.062776
_2FGLJ1231.2-1411 : 146.150271
_2FGLJ1301.5+0835 : 0.161121
gll_iem_v05_rev1 : 3836.141434
_2FGLJ1219.8-0310 : 20.636579
_2FGLJ1218.5-0122 : -2.030329
_2FGLJ1229.1+0202 : 1283.270668
_2FGLJ1233.7-0145 : 29.358796
_2FGLJ1256.5-1145 : 23.709641
_2FGLJ1322.7-0938 : 88.129188
_2FGLJ1239.5+0728 : 0.000538
_2FGLJ1258.4-1801 : 0.463684
_2FGLJ1239.5+0443 : 1.443356
_2FGLJ1219.7+0201 : -1.251285
_2FGLJ1226.7-1331 : 2.955237
_2FGLJ1313.0-0425 : 1.538153
