_2FGLJ1329.3-0528 : 29.722188
_2FGLJ1233.7-0145 : 29.015112
_2FGLJ1256.5-1145 : 22.132679
_2FGLJ1231.2-1411 : 160.714153
_2FGLJ1322.7-0938 : 94.629241
_2FGLJ1315.6-0730 : 12.221234
gll_iem_v05_rev1 : 3558.685662
_2FGLJ1332.0-0508 : 366.981573
iso_source_v05_rev1 : 1846.766692
_2FGLJ1221.4-0633 : 8.031307
_2FGLJ1318.9-1228 : 15.576599
_2FGLJ1219.8-0310 : 22.712136
_2FGLJ1312.7+0051 : 87.875236
_2FGLJ1229.1+0202 : 1435.528214
_2FGLJ1256.1-0547 : 10668.363990
