gll_iem_v05_rev1 : 3977.691503
iso_source_v05_rev1 : -0.069550
PS7 - NP3 : 41.321835
