gll_iem_v05_rev1 : 215.226637
iso_source_v05_rev1 : -0.053813
PS7 - NP3 : 30.476317
