gll_iem_v05_rev1 : 3975.864807
iso_source_v05_rev1 : -0.069616
PS7 - NP3 : 41.321767
