gll_iem_v05_rev1 : 2772.918054
_2FGLJ0210.7-5102 : 4335.434308
_2FGLJ0237.1-6136 : 11.131616
iso_source_v05_rev1 : 4106.347934
_2FGLJ0157.2-5259 : 233.571105
_2FGLJ0146.6-5206 : 53.424262
_2FGLJ0209.5-5229 : 727.687431
