_2FGLJ0310.2-5013 : -0.071720
gll_iem_v05_rev1 : 3014.118780
_2FGLJ0226.5-4444 : -0.259015
_2FGLJ0210.7-5102 : 4337.282616
_2FGLJ0143.6-5844 : 1.254473
_2FGLJ0237.1-6136 : 12.443070
_2FGLJ0157.2-5259 : 236.163154
iso_source_v05_rev1 : 3660.525064
_2FGLJ0146.6-5206 : 55.500108
_2FGLJ0209.5-5229 : 733.646844
_2FGLJ0245.9-4652 : -16.982416
_2FGLJ0158.0-4609 : -7.689541
