_2FGLJ0540.4-5415 : -0.000000
_2FGLJ0604.2-4817 : 0.003747
_2FGLJ0537.7-5716 : -0.000067
_2FGLJ0507.5-6102 : -0.000369
_2FGLJ0525.5-6011 : -0.172624
_2FGLJ0516.8-6207 : -0.001937
_2FGLJ0506.7-5435 : -0.313384
iso_source_v05_rev1 : 3.203630
_2FGLJ0543.9-5532 : 46.924308
_2FGLJ0532.0-4826 : 0.009842
_2FGLJ0526.1-4829 : 0.002810
_2FGLJ0433.9-5726 : 0.000252
gll_iem_v05_rev1 : -0.000000
_2FGLJ0611.8-6059 : -0.000431
_2FGLJ0628.9-6246 : -0.000237
