gll_iem_v05_rev1 : 333.058499
iso_source_v05_rev1 : 1.368965
PS6 - NP3 : 52.543587
