gll_iem_v05_rev1 : 75183.042436
iso_source_v05_rev1 : 1495.700047
_2FGLJ0530.8+1333 : 1.278934
