gll_iem_v05_rev1 : 332.872557
iso_source_v05_rev1 : 1.370318
PS6 - NP3 : 52.542508
