gll_iem_v05_rev1 : -0.000000
iso_source_v05_rev1 : -0.008668
PS6 - NP3 : 28.238083
