gll_iem_v05_rev1 : 97.681463
iso_source_v05_rev1 : 36.093862
PS7 - NP3 : 30.860464
