_2FGLJ0919.3-2203 : -0.000000
_2FGLJ0946.9-2541 : 0.000904
_2FGLJ0940.3-2827 : 0.000143
gll_iem_v05_rev1 : 7.826809
iso_source_v05_rev1 : 0.002912
_2FGLJ0908.7-2119 : 0.989765
_2FGLJ0912.9-2102 : 35.110982
_2FGLJ0937.9-1434 : 0.000035
_2FGLJ0858.1-1952 : -0.000006
_2FGLJ0927.9-2041 : 4.205919
_2FGLJ0939.1-1734 : -0.000011
_2FGLJ0859.4-2532 : -0.019675
_2FGLJ0847.0-2334 : -0.001838
