gll_iem_v05_rev1 : 97.724363
iso_source_v05_rev1 : 36.098717
PS7 - NP3 : 30.864158
