gll_iem_v05_rev1 : 208.809771
iso_source_v05_rev1 : -0.047675
PS7 - NP3 : 30.641062
