_2FGLJ0310.2-5013 : -0.000764
gll_iem_v05_rev1 : 16.106113
_2FGLJ0226.5-4444 : -0.002055
_2FGLJ0210.7-5102 : -0.000001
_2FGLJ0143.6-5844 : -0.007177
_2FGLJ0237.1-6136 : -0.000244
_2FGLJ0157.2-5259 : -0.000009
iso_source_v05_rev1 : -0.008790
_2FGLJ0146.6-5206 : -0.000018
_2FGLJ0209.5-5229 : 35.120096
_2FGLJ0245.9-4652 : -0.000066
_2FGLJ0158.0-4609 : -0.000247
