_2FGLJ0310.2-5013 : -0.000751
gll_iem_v05_rev1 : 16.270529
_2FGLJ0226.5-4444 : -0.002020
_2FGLJ0210.7-5102 : -0.000003
_2FGLJ0143.6-5844 : -0.007032
_2FGLJ0237.1-6136 : -0.000239
_2FGLJ0157.2-5259 : -0.000001
iso_source_v05_rev1 : -0.007771
_2FGLJ0146.6-5206 : -0.000015
_2FGLJ0209.5-5229 : 35.119417
_2FGLJ0245.9-4652 : -0.000064
_2FGLJ0158.0-4609 : -0.000242
