_2FGLJ0540.4-5415 : 111.900480
gll_iem_v05_rev1 : 4394.245872
_2FGLJ0537.7-5716 : 80.897658
_2FGLJ0516.8-6207 : 24.423444
iso_source_v05_rev1 : 3677.931823
_2FGLJ0543.9-5532 : 768.332585
_2FGLJ0532.0-4826 : 11.611912
