_2FGLJ0540.4-5415 : 120.201980
_2FGLJ0604.2-4817 : 0.136125
_2FGLJ0537.7-5716 : 81.313956
_2FGLJ0507.5-6102 : 8.952927
_2FGLJ0525.5-6011 : -3.129939
_2FGLJ0516.8-6207 : 16.173405
_2FGLJ0506.7-5435 : -1.803161
iso_source_v05_rev1 : 3345.757463
_2FGLJ0543.9-5532 : 772.065473
_2FGLJ0532.0-4826 : 11.013817
_2FGLJ0526.1-4829 : 4.777323
_2FGLJ0433.9-5726 : 0.099485
gll_iem_v05_rev1 : 4558.875070
_2FGLJ0611.8-6059 : 7.692202
_2FGLJ0628.9-6246 : 0.522876
