gll_iem_v05_rev1 : -0.000000
_2FGLJ0210.7-5102 : -0.028061
iso_source_v05_rev1 : -0.010028
_2FGLJ0157.2-5259 : -0.014116
_2FGLJ0146.6-5206 : -0.000172
_2FGLJ0209.5-5229 : 24.944611
